FC = NA(11, 11);

FC(1, 1) = 8.9e-2;
FC(1, 2) = 1.82e-1;
FC(1, 3) = 2.1e-1;
FC(1, 4) = 1.83e-1;
FC(1, 5) = 1.34e-1;
FC(1, 6) = 8.71e-2;
FC(1, 7) = 6.21e-2;
FC(1, 8) = 2.94e-2;
FC(1, 9) = 1.59e-2;
FC(1, 10) = 8.35e-3;
FC(1, 11) = 4.29e-3;

FC(2, 1) = 2.5e-1;
FC(2, 2) = 1.76e-1;
FC(2, 3) = 3.04e-2;
FC(2, 4) = 4.2e-3;
FC(2, 5) = 5.21e-2;
FC(2, 6) = 9.55e-2;
FC(2, 7) = 1.07e-1;
FC(2, 8) = 9.31e-2;
FC(2, 9) = 7.01e-2;
FC(2, 10) = 4.78e-2;
FC(2, 11) = 3.05e-2;

FC(3, 1) = 3.09e-1;
FC(3, 2) = 8.33e-3;
FC(3, 3) = 7.1e-2;
FC(3, 4) = 1.17e-1;
FC(3, 5) = 5.21e-2;
FC(3, 6) = 2.65e-3;
FC(3, 7) = 1.13e-2;
FC(3, 8) = 4.51e-2;
FC(3, 9) = 7.04e-2;
FC(3, 10) = 7.68e-2;
FC(3, 11) = 6.87e-2;

FC(4, 1) = 2.19e-1;
FC(4, 2) = 8.32e-2;
FC(4, 3) = 1.23e-1;
FC(4, 4) = 2.69e-3;
FC(4, 5) = 4.34e-2;
FC(4, 6) = 5.22e-2;
FC(4, 7) = 9.61e-3;
FC(4, 8) = 1.36e-3;
FC(4, 9) = 2.03e-2;
FC(4, 10) = 4.37e-2;

FC(5, 1) = 9.77e-2;
FC(5, 2) = 2.32e-2;
FC(5, 3) = 1.87e-3;
FC(5, 4) = 9.68e-2;
FC(5, 5) = 6.58e-2;
FC(5, 6) = 2.5e-4;
FC(5, 7) = 3.38e-2;
FC(5, 8) = 6.58e-2;
FC(5, 9) = 8.55e-2;

FC(6, 1) = 2.84e-2;
FC(6, 2) = 2.02e-1;
FC(6, 3) = 1.05e-1;
FC(6, 4) = 6.93e-2;
FC(6, 5) = 1.59e-2;
FC(6, 6) = 8.49e-2;
FC(6, 7) = 3.58e-2;
FC(6, 8) = 1.2e-4;

FC(7, 1) = 5.4e-3;
FC(7, 2) = 9.01e-2;
FC(7, 3) = 2.28e-1;
FC(7, 4) = 1.15e-2;
FC(7, 5) = 1.12e-1;
FC(7, 6) = 5.61e-3;
FC(7, 7) = 3.96e-2;
FC(7, 8) = 6.57e-2;

FC(8, 1) = 6.5e-4;
FC(8, 2) = 2.32e-2;
FC(8, 3) = 1.62e-1;
FC(8, 4) = 1.74e-1;
FC(8, 5) = 8.82e-3;
FC(8, 6) = 8.19e-2;
FC(8, 7) = 4.7e-2;

FC(9, 1) = 0;
FC(9, 2) = 3.52e-3;
FC(9, 3) = 5.64e-2;
FC(9, 4) = 2.13e-1;
FC(9, 5) = 8.86e-2;
FC(9, 6) = 5.66e-2;

FC(10, 1) = 0;
FC(10, 2) = 3e-4;
FC(10, 3) = 1.06e-2;
FC(10, 4) = 1.02e-1;
FC(10, 5) = 2.25e-1;

FC(11, 1) = 0;
FC(11, 2) = 1e-5;
FC(11, 3) = 1.06e-3;
FC(11, 4) = 2.38e-2;
